2 0.0953125 0.3875 0.1046875 0.1015625
2 0.196875 0.403125 0.1046875 0.1015625
2 0.2953125 0.4 0.1046875 0.1046875
2 0.3890625 0.396875 0.1046875 0.1046875
2 0.696875 0.4046875 0.1046875 0.1046875
2 0.5328125 0.4125 0.1046875 0.1046875
2 0.7875 0.4 0.1046875 0.1046875
2 0.1015625 0.5875 0.140625 0.0578125
2 0.121875 0.68125 0.140625 0.0578125
2 0.1015625 0.884375 0.140625 0.0578125
2 0.25 0.8734375 0.140625 0.0578125
2 0.4375 0.884375 0.140625 0.0578125
2 0.6953125 0.7796875 0.140625 0.0578125