1 0.11640625 0.18125 0.0921875 0.04375
1 0.55625 0.19140625 0.0875 0.0546875
5 0.0453125 0.19609375 0.090625 0.0671875
1 0.19296875 0.2109375 0.0953125 0.04375
1 0.3390625 0.225 0.096875 0.046875
3 0.76796875 0.25234375 0.0421875 0.0671875
3 0.809375 0.259375 0.05 0.078125
3 0.92734375 0.33984375 0.0734375 0.0984375
3 0.87109375 0.409375 0.0828125 0.115625
3 0.72265625 0.478125 0.0890625 0.128125
3 0.59765625 0.540625 0.1078125 0.146875
3 0.475 0.5859375 0.125 0.1625
3 0.37734375 0.6296875 0.1234375 0.1875
3 0.27421875 0.6734375 0.1359375 0.203125
1 0.1453125 0.7015625 0.21875 0.24375