2 0.09375 0.6546875 0.15625 0.0734375
2 0.503125 0.6703125 0.15625 0.0734375
2 0.2734375 0.8765625 0.15625 0.0734375
2 0.453125 0.86875 0.15625 0.0734375
2 0.621875 0.8734375 0.15625 0.0734375
2 0.784375 0.8734375 0.15625 0.0734375
2 0.940625 0.875 0.109375 0.0703125
2 0.940625 0.765625 0.109375 0.0703125
2 0.0296875 0.3984375 0.0578125 0.078125
2 0.1890625 0.3765625 0.0890625 0.1125
2 0.4125 0.4046875 0.0890625 0.1125
2 0.50625 0.3890625 0.0890625 0.1125
2 0.6078125 0.3921875 0.0890625 0.1125
2 0.7125 0.38125 0.0890625 0.1125
2 0.80625 0.3890625 0.0890625 0.1125
2 0.9140625 0.4140625 0.1171875 0.140625