2 0.0625 0.2671875 0.0546875 0.1203125
2 0.13125 0.278125 0.065625 0.1328125
2 0.940625 0.2828125 0.0546875 0.128125
2 0.86875 0.2828125 0.065625 0.128125
2 0.4078125 0.3671875 0.128125 0.0625
2 0.621875 0.38125 0.1328125 0.0578125
2 0.396875 0.475 0.1359375 0.065625
2 0.7375 0.565625 0.1171875 0.0625
2 0.8890625 0.5765625 0.1203125 0.05
2 0.0546875 0.834375 0.109375 0.0578125
3 0.009375 0.28125 0.01875 0.15625
2 0.0546875 0.9078125 0.109375 0.0578125
2 0.05625 0.9765625 0.1046875 0.0390625