2 0.05 0.071875 0.0859375 0.14375
2 0.16875 0.059375 0.0703125 0.1171875
2 0.2421875 0.059375 0.0703125 0.1171875
2 0.3125 0.05625 0.0703125 0.1125
2 0.3828125 0.075 0.0703125 0.1171875
2 0.0328125 0.371875 0.065625 0.1171875
2 0.159375 0.359375 0.0703125 0.1171875
2 0.2265625 0.35625 0.0703125 0.1171875
2 0.3 0.3671875 0.0703125 0.1171875
2 0.3671875 0.3671875 0.0703125 0.1171875
2 0.4296875 0.371875 0.0703125 0.1171875
2 0.515625 0.5234375 0.0703125 0.1171875
2 0.434375 0.503125 0.0703125 0.1171875
2 0.371875 0.503125 0.0703125 0.1171875
2 0.296875 0.5 0.0703125 0.1171875
2 0.2265625 0.4921875 0.0703125 0.1171875
2 0.16875 0.5 0.0703125 0.1171875
2 0.096875 0.54375 0.0703125 0.1171875
2 0.059375 0.78125 0.0703125 0.1171875
2 0.046875 0.9140625 0.0703125 0.1171875
2 0.121875 0.9140625 0.0703125 0.1171875
2 0.184375 0.921875 0.0703125 0.1171875
2 0.2625 0.925 0.0703125 0.1171875
2 0.3203125 0.925 0.0703125 0.1171875
2 0.3984375 0.9296875 0.0703125 0.1171875
2 0.4609375 0.934375 0.0703125 0.1171875
2 0.53125 0.9375 0.0703125 0.1171875
2 0.53125 0.809375 0.0703125 0.1171875
2 0.721875 0.7421875 0.0703125 0.1171875
2 0.125 0.796875 0.0703125 0.1171875
2 0.2 0.7890625 0.0703125 0.1171875
2 0.253125 0.8046875 0.0703125 0.1171875
2 0.3203125 0.8046875 0.0703125 0.1171875
2 0.3984375 0.8046875 0.0703125 0.1171875
2 0.465625 0.8125 0.0703125 0.1171875
2 0.878125 0.734375 0.0703125 0.1171875
2 0.81875 0.2984375 0.0578125 0.1125
2 0.8875 0.29375 0.0703125 0.1171875
2 0.8921875 0.5921875 0.096875 0.1203125
2 0.9609375 0.5921875 0.0625 0.1203125
2 0.953125 0.753125 0.0859375 0.1328125
2 0.6015625 0.7984375 0.0625 0.14375