1 0.1625 0.3359375 0.1609375 0.18125
1 0.1828125 0.5765625 0.1484375 0.196875
1 0.20625 0.825 0.0734375 0.278125
1 0.33125 0.8171875 0.0640625 0.2703125
1 0.4578125 0.3359375 0.0640625 0.2015625
1 0.459375 0.575 0.059375 0.19375
1 0.4625 0.79375 0.05625 0.215625
1 0.565625 0.3296875 0.0671875 0.1875
1 0.5546875 0.5703125 0.0546875 0.203125
1 0.55 0.7828125 0.0546875 0.2109375
1 0.653125 0.159375 0.059375 0.21875
1 0.6421875 0.5078125 0.0625 0.234375
1 0.6296875 0.778125 0.0640625 0.234375
1 0.740625 0.496875 0.0859375 0.2296875
1 0.7203125 0.7640625 0.078125 0.24375
1 0.83125 0.771875 0.0734375 0.2375