2 0.1390625 0.103125 0.128125 0.065625
2 0.490625 0.525 0.1203125 0.0578125
2 0.475 0.36875 0.1203125 0.0578125
2 0.6390625 0.5328125 0.1203125 0.0578125
2 0.63125 0.4625 0.1203125 0.0578125
2 0.65 0.384375 0.1515625 0.065625
2 0.6578125 0.31875 0.1203125 0.0578125
2 0.6390625 0.24375 0.1203125 0.0578125
2 0.6640625 0.1625 0.15625 0.065625
2 0.4859375 0.2984375 0.1203125 0.0578125
2 0.478125 0.221875 0.1203125 0.0625
2 0.46875 0.1578125 0.1171875 0.05
2 0.496875 0.0859375 0.1171875 0.0546875
2 0.65 0.0234375 0.159375 0.046875
2 0.4703125 0.025 0.14375 0.05