2 0.0703125 0.025 0.140625 0.05
2 0.53125 0.075 0.15625 0.078125
2 0.5453125 0.2109375 0.14375 0.0703125
2 0.4 0.265625 0.0890625 0.140625
2 0.078125 0.30625 0.15625 0.0734375
2 0.078125 0.390625 0.15625 0.0703125
2 0.5328125 0.509375 0.1515625 0.065625
2 0.546875 0.6578125 0.140625 0.05
2 0.128125 0.93125 0.0703125 0.128125
2 0.1953125 0.93125 0.0703125 0.128125
2 0.2625 0.93125 0.0703125 0.128125
2 0.328125 0.9296875 0.0625 0.1328125
2 0.3984375 0.9296875 0.0625 0.1328125
2 0.4609375 0.9296875 0.0625 0.1328125