2 0.309375 0.025 0.1328125 0.05
2 0.296875 0.059375 0.1328125 0.1171875
2 0.5546875 0.0625 0.1328125 0.125
2 0.715625 0.09375 0.1328125 0.1328125
2 0.296875 0.121875 0.1328125 0.1328125
2 0.29375 0.1875 0.1328125 0.1328125
2 0.296875 0.253125 0.1328125 0.1328125
2 0.296875 0.33125 0.1328125 0.1328125
2 0.296875 0.409375 0.1328125 0.1328125
2 0.528125 0.64375 0.1328125 0.1328125
2 0.253125 0.6484375 0.1328125 0.1328125
2 0.5390625 0.7 0.1328125 0.1328125
2 0.253125 0.7265625 0.1328125 0.1328125
2 0.5390625 0.9140625 0.1328125 0.1328125