2 0.0484375 0.0453125 0.08125 0.0890625
2 0.2328125 0.05625 0.08125 0.1125
2 0.125 0.18125 0.09375 0.1046875
2 0.33125 0.2328125 0.078125 0.128125
2 0.76875 0.2875 0.125 0.1046875
2 0.259375 0.434375 0.096875 0.125
2 0.3734375 0.590625 0.1046875 0.1171875
2 0.584375 0.59375 0.08125 0.09375
2 0.684375 0.71875 0.1328125 0.1328125
2 0.475 0.734375 0.1046875 0.109375
2 0.7828125 0.840625 0.096875 0.109375
2 0.596875 0.878125 0.1015625 0.1015625
2 0.9078125 0.9515625 0.1046875 0.08125
2 0.528125 0.4671875 0.1171875 0.0734375