2 0.61875 0.190625 0.0578125 0.1484375
2 0.8046875 0.3421875 0.1015625 0.1359375
2 0.740625 0.4 0.08125 0.1046875
2 0.4453125 0.428125 0.0703125 0.1203125
2 0.3 0.809375 0.078125 0.1640625
2 0.43125 0.825 0.0578125 0.1171875
2 0.565625 0.8109375 0.0703125 0.1515625
2 0.640625 0.8046875 0.0625 0.125
2 0.715625 0.8 0.0625 0.125
2 0.378125 0.4390625 0.0703125 0.1203125
2 0.30625 0.446875 0.065625 0.14375
2 0.2421875 0.4359375 0.0703125 0.1203125
2 0.16875 0.43125 0.0703125 0.1203125
2 0.1 0.4234375 0.05 0.1203125
2 0.0390625 0.434375 0.0546875 0.125