2 0.0609375 0.921875 0.0578125 0.1328125
2 0.25625 0.9296875 0.0578125 0.1328125
2 0.321875 0.9375 0.05 0.1171875
2 0.3921875 0.9375 0.05 0.1171875
2 0.4515625 0.928125 0.0578125 0.128125
2 0.075 0.6796875 0.1484375 0.0703125
2 0.2046875 0.546875 0.128125 0.0703125
2 0.209375 0.403125 0.128125 0.0703125
2 0.071875 0.2640625 0.128125 0.0578125
2 0.0703125 0.13125 0.140625 0.05
2 0.20625 0.0765625 0.140625 0.05
2 0.20625 0.196875 0.140625 0.05
2 0.21875 0.275 0.1328125 0.05
2 0.484375 0.2796875 0.1328125 0.05
2 0.509375 0.55 0.128125 0.046875
2 0.4828125 0.6953125 0.128125 0.0625
2 0.6390625 0.684375 0.1515625 0.0625
2 0.65625 0.9515625 0.0546875 0.0890625
2 0.7375 0.9359375 0.0546875 0.1203125
2 0.8125 0.925 0.046875 0.140625
2 0.8828125 0.9296875 0.0546875 0.1328125
2 0.921875 0.690625 0.1484375 0.0546875
2 0.6390625 0.55 0.128125 0.046875
2 0.65 0.484375 0.128125 0.046875
2 0.6234375 0.41875 0.128125 0.046875
2 0.634375 0.35 0.14375 0.05
2 0.4859375 0.1390625 0.14375 0.05
2 0.49375 0.0765625 0.14375 0.05
2 0.65 0.0765625 0.14375 0.05
2 0.6421875 0.146875 0.14375 0.05
2 0.65 0.2125 0.14375 0.05
2 0.6265625 0.275 0.14375 0.05
2 0.915625 0.35 0.14375 0.05
2 0.8890625 0.4203125 0.14375 0.05
2 0.9078125 0.2171875 0.14375 0.05
2 0.9234375 0.15 0.14375 0.05
2 0.915625 0.078125 0.14375 0.046875