1 0.20625 0.25 0.028125 0.01875
1 0.3609375 0.25 0.0296875 0.01875
1 0.31875 0.2578125 0.03125 0.01875
1 0.2625 0.259375 0.0296875 0.01875
1 0.2671875 0.278125 0.025 0.0234375
1 0.396875 0.28125 0.03125 0.0171875
1 0.3328125 0.2828125 0.028125 0.025
1 0.275 0.2984375 0.028125 0.0265625
1 0.3453125 0.3015625 0.0328125 0.025
1 0.4125 0.303125 0.03125 0.025
1 0.4359375 0.3171875 0.0390625 0.025
1 0.2125 0.3171875 0.0390625 0.025
1 0.3609375 0.31875 0.0328125 0.03125
1 0.2859375 0.3203125 0.034375 0.03125
1 0.3859375 0.346875 0.04375 0.03125
1 0.46875 0.346875 0.0515625 0.0359375
1 0.3 0.346875 0.04375 0.0359375
1 0.215625 0.35 0.0453125 0.034375
1 0.41875 0.3875 0.0625 0.046875
1 0.3203125 0.3921875 0.05625 0.0453125
1 0.503125 0.4984375 0.0921875 0.0640625
1 0.63125 0.5015625 0.103125 0.06875
1 0.36875 0.503125 0.084375 0.065625
1 0.23125 0.503125 0.0796875 0.065625
1 0.58125 0.6015625 0.1296875 0.0890625
1 0.746875 0.603125 0.1390625 0.09375
1 0.415625 0.6078125 0.1109375 0.0875
1 0.240625 0.6125 0.1015625 0.0921875
1 0.9125 0.75 0.1734375 0.1359375
1 0.7078125 0.7609375 0.178125 0.1296875
1 0.4890625 0.7671875 0.1609375 0.13125
1 0.25625 0.7765625 0.140625 0.1359375
1 0.2125 0.2921875 0.040625 0.0203125
1 0.209375 0.2734375 0.0265625 0.0140625