1 0.4171875 0.44375 0.053125 0.0421875
1 0.5625 0.48125 0.0546875 0.0578125
1 0.55625 0.5375 0.0515625 0.0515625
1 0.5578125 0.5984375 0.046875 0.046875
1 0.55625 0.65 0.05 0.034375
1 0.55625 0.6953125 0.05 0.0484375
1 0.5625 0.75625 0.0484375 0.0515625
1 0.559375 0.815625 0.0515625 0.0515625
1 0.565625 0.871875 0.0515625 0.05
1 0.55625 0.9265625 0.0484375 0.053125
1 0.4140625 0.4953125 0.04375 0.046875
1 0.4125 0.5421875 0.0453125 0.0453125
1 0.4140625 0.60625 0.0484375 0.05
1 0.4109375 0.653125 0.05 0.04375
1 0.4078125 0.70625 0.0546875 0.046875
1 0.396875 0.7453125 0.053125 0.0421875