3 0.5061475409836066 0.6189320388349514 0.3237704918032787 0.1796116504854369
3 0.8422131147540983 0.6310679611650486 0.3155737704918033 0.24271844660194175
3 0.1598360655737705 0.6310679611650486 0.30327868852459017 0.17475728155339806
3 0.4979508196721312 0.8737864077669902 0.3073770491803279 0.22330097087378642
3 0.8217213114754098 0.8737864077669902 0.3155737704918033 0.20388349514563106
3 0.16188524590163936 0.8810679611650486 0.27459016393442626 0.21844660194174756
3 0.5 0.12378640776699029 0.32786885245901637 0.21844660194174756
3 0.8422131147540983 0.13106796116504854 0.3155737704918033 0.1941747572815534
3 0.1721311475409836 0.13106796116504854 0.30327868852459017 0.18446601941747573
3 0.1680327868852459 0.3713592233009709 0.30327868852459017 0.21844660194174756
3 0.8278688524590164 0.3786407766990291 0.29508196721311475 0.23300970873786409