2 0.840625 0.2015625 0.1171875 0.0578125
2 0.6796875 0.2328125 0.140625 0.08125
2 0.4828125 0.26875 0.1125 0.0625
2 0.340625 0.3125 0.125 0.078125
2 0.2015625 0.334375 0.1203125 0.0734375
2 0.0609375 0.359375 0.1203125 0.0703125
2 0.95 0.4078125 0.0625 0.128125
2 0.7734375 0.4609375 0.0703125 0.140625
2 0.6265625 0.4875 0.0734375 0.125
2 0.7 0.465625 0.0625 0.1171875
2 0.54375 0.496875 0.0703125 0.125
2 0.471875 0.51875 0.0625 0.1328125
2 0.015625 0.5234375 0.03125 0.0703125
2 0.3984375 0.534375 0.0703125 0.1328125
2 0.3265625 0.553125 0.0734375 0.14375
2 0.2359375 0.565625 0.0734375 0.1328125
2 0.7484375 0.93125 0.0578125 0.1125
2 0.6734375 0.9390625 0.0578125 0.1125
2 0.603125 0.928125 0.0578125 0.1125
2 0.525 0.928125 0.0578125 0.1125
2 0.8140625 0.93125 0.0578125 0.1125