2 0.253125 0.0796875 0.140625 0.065625
2 0.3984375 0.0703125 0.140625 0.0703125
2 0.734375 0.065625 0.140625 0.0703125
2 0.721875 0.1328125 0.140625 0.0703125
2 0.71875 0.20625 0.140625 0.0703125
2 0.7109375 0.28125 0.140625 0.0703125
2 0.7109375 0.3515625 0.140625 0.0703125
2 0.7265625 0.4921875 0.140625 0.0703125
2 0.73125 0.575 0.140625 0.0703125
2 0.2421875 0.503125 0.140625 0.0703125
2 0.403125 0.496875 0.140625 0.0703125
2 0.234375 0.421875 0.140625 0.0703125
2 0.3984375 0.41875 0.140625 0.0703125
2 0.390625 0.3515625 0.140625 0.0703125
2 0.25 0.2890625 0.140625 0.0703125
2 0.390625 0.284375 0.140625 0.0703125
2 0.23125 0.21875 0.140625 0.0703125
2 0.375 0.215625 0.140625 0.0703125
2 0.403125 0.128125 0.140625 0.0703125
2 0.2421875 0.14375 0.140625 0.0703125