3 0.767 0.16282051282051282 0.156 0.18974358974358974
3 0.4085 0.1762820512820513 0.163 0.15512820512820513
3 0.2265 0.18205128205128204 0.163 0.1564102564102564
3 0.403 0.35512820512820514 0.16 0.14871794871794872
3 0.7665 0.35705128205128206 0.151 0.16282051282051282
3 0.2335 0.3628205128205128 0.161 0.15384615384615385
3 0.759 0.541025641025641 0.172 0.18205128205128204
3 0.416 0.5435897435897435 0.15 0.1717948717948718
3 0.2195 0.5512820512820513 0.201 0.15128205128205127
3 0.4045 0.7294871794871794 0.163 0.14358974358974358
3 0.2195 0.7333333333333333 0.181 0.1717948717948718
3 0.767 0.735897435897436 0.184 0.16666666666666666