1 0.26640625 0.58125 0.1453125 0.15
1 0.85 0.4953125 0.13125 0.121875
1 0.835328125 0.660421875 0.1553750000000001 0.17326562499999998
1 0.859375 0.36015625 0.084375 0.0828125
1 0.36875 0.396875 0.125 0.1125
1 0.509375 0.75625 0.190625 0.190625
1 0.81440625 0.90546875 0.2017343750000001 0.1890625
1 0.68515625 0.259375 0.0640625 0.075
1 0.559890625 0.4921875 0.11284375000000005 0.13715624999999995
1 0.6493125 0.407125 0.09375 0.10590624999999995
1 0.07725 0.85503125 0.14409375 0.22048437500000012