1 0.615234375 0.13849570200573066 0.09765625 0.07640401146131807
1 0.868330078125 0.12893982808022922 0.15461914062499993 0.08118911174785101
1 0.384111328125 0.14326647564469913 0.166015625 0.07163323782234957
1 0.137529296875 0.14087392550143266 0.14811523437500002 0.07163323782234957
1 0.145673828125 0.3844269340974212 0.1416015625 0.07640401146131807
1 0.386552734375 0.3713037249283668 0.14811523437499996 0.08356733524355303
1 0.625 0.3832378223495702 0.09114257812499993 0.08356733524355303
1 0.868330078125 0.37965616045845274 0.14485351562499993 0.07640401146131807
1 0.127763671875 0.6423065902578796 0.1708984375 0.09073065902578803
1 0.377607421875 0.6506733524355302 0.18229492187499996 0.09789398280802299
1 0.633955078125 0.6351432664756447 0.10579101562499993 0.09073065902578803
1 0.880537109375 0.6351432664756447 0.20182617187500007 0.08595988538681948
1 0.131025390625 0.8631805157593123 0.18717773437500002 0.09312320916905444
1 0.376787109375 0.8763180515759311 0.17415039062500004 0.08118911174785111
1 0.631513671875 0.8739255014326648 0.12370117187500007 0.10505730659025778
1 0.880537109375 0.8619914040114612 0.20833007812499993 0.0668624641833812