2 0.7421875 0.0453125 0.1171875 0.0734375
2 0.4140625 0.075 0.0859375 0.1171875
2 0.315625 0.20625 0.09375 0.1171875
2 0.2328125 0.334375 0.1125 0.14375
2 0.703125 0.1015625 0.1171875 0.1015625
2 0.6640625 0.153125 0.125 0.125
2 0.5875 0.284375 0.1359375 0.1015625
2 0.5453125 0.3515625 0.1359375 0.1015625
2 0.4921875 0.3984375 0.125 0.09375
2 0.475 0.4765625 0.128125 0.1015625
2 0.43125 0.534375 0.128125 0.1015625
2 0.3921875 0.60625 0.128125 0.1015625
2 0.334375 0.6640625 0.1125 0.1015625
2 0.2953125 0.73125 0.1125 0.1015625
2 0.24375 0.825 0.1125 0.1015625
2 0.1546875 0.940625 0.1125 0.1015625