3 0.435546875 0.30600292825768666 0.1142578125 0.13030746705710103
3 0.72216796875 0.3367496339677892 0.15625 0.16251830161054173
3 0.0361328125 0.3579795021961933 0.072265625 0.11127379209370425
3 0.3330078125 0.3089311859443631 0.0966796875 0.09077598828696926
3 0.5830078125 0.33601756954612005 0.126953125 0.12005856515373353
3 0.91650390625 0.3616398243045388 0.166015625 0.18740849194729137
5 0.23779296875 0.2964860907759883 0.0859375 0.08784773060029283
5 0.15576171875 0.2884333821376281 0.080078125 0.08052708638360176
5 0.10205078125 0.29062957540263545 0.0458984375 0.055636896046852125
5 0.0615234375 0.2840409956076135 0.046875 0.055636896046852125
5 0.0322265625 0.2869692532942899 0.0380859375 0.03953147877013177