2 0.24375 0.0078125 0.1203125 0.015625
2 0.5921875 0.03125 0.1359375 0.0625
2 0.2484375 0.0703125 0.128125 0.0625
2 0.6015625 0.1078125 0.140625 0.05
2 0.246875 0.14375 0.1328125 0.0546875
2 0.5859375 0.1859375 0.140625 0.0421875
2 0.246875 0.2171875 0.125 0.0578125
2 0.05625 0.26875 0.05 0.1328125
2 0.2421875 0.284375 0.1171875 0.046875
2 0.58125 0.315625 0.1328125 0.046875
2 0.246875 0.35 0.1328125 0.0421875
2 0.578125 0.3921875 0.125 0.05
2 0.04375 0.4453125 0.0625 0.1328125
2 0.253125 0.54375 0.1328125 0.0546875
2 0.2484375 0.621875 0.1359375 0.046875
2 0.584375 0.6875 0.128125 0.0625
2 0.271875 0.7 0.1203125 0.0625
2 0.5875 0.759375 0.1203125 0.05
2 0.2796875 0.8671875 0.1359375 0.0546875
2 0.2875 0.94375 0.1125 0.05